
### 2018

####泰然广场

月  |水      |    电  |     方      |         陶/邱 |       租     |  管理费
-- | --     | -------|-------------|--------------|--------------|--------
1  | 52.59  | 113.24 | 1200(1.1)   |              | 2900 (1.20)  |  121.5
2  |        |  27.31 |             |              | 2900 (2.20)  |  121.5
3  | 44.27  | 121.23 | 3720(3.10)  | 4300(3.1)    | 2900 (3.20)  |  121.5
4  |        | 138.23 | 1200(4.18)  |              | 2900 (4.20)  |  121.5
5  | 52.59  | 269.26 | 1200(5.14)  |              | 2900 (5.20)  |  121.5
6  |        | 318.56 | 1200(6.19)  | 2400(6.3)    | 2900 (6.20)  |  121.5
7  | 60.91  |        | 1200(7.17)  | 2400(7.23)   | 2900 (7.20)  |  121.5
8  |        | 683.09 | 1200(8.15)  |              | 2900 (8.20)  |  121.5
9  |        |        | 1200(9.16)  | 1200(9.14)   | 2900 (9.20)  |  121.5

####保利上城(管理费从2089卡) 袁玉玲
月  |水      |    电  |         租     |  管理费
-- | --     | -------|----------------|------------
8  |        |        |  2200(8.23)    | 124(8.31)
9  |        |        |  2200(8.25)    | 274(9.13)
10 |        |        |                | 215.97


####祥云天都 彭飞
月  |水      |    电  |         租     |  管理费
-- | --     | -------|------------  -|------------
1  |        |        |  10000(1.5)   | 
2  |        |        |  3160(2.8)    | 
3  |        |        |  4000(3.10)   | 
4  |        |        |  4000(4.8)    | 
5  |        |        |  4000(5.8)    | 
7  |        |        |  4000(6.8)    | 
7  |        |        |  4000(7.8)    | 
8  |        |        |  4000(8.11)   | 
9  |        |        |  4000(9.8)    | 

####雍翠华府（电费从2089卡）施宇峰
月  |水      |    电    |  煤气    |         租    |  管理费
-- | --     | ------  -|---------|---------------|------------
1  |        |          |         |  4100(1.30)   | 
2  |        |          |         |  2700(3.2)    | 
3  |        |          |28(3.7)  |  4100(3.31)   | 
4  |        |          |         |  2000(4.30)   | 
5  |        | 293(5.10)|60(5.15) |  4100(6.1)    | 
6  |        |          |32(6.28) |  4100(6.30)   | 
7  |        | 772(7.11)|         |  4100(7.29)   | 
8  |        |          |81(8.31) |  4100(8.31)   | 
9  |        | 1497(9.6)|         |               | 

####保利上城 符绍义
月  |水      |    电  |         租     |  管理费
-- | --     | -------|---------------|------------
5  |        |        |  6600(5.7)    | 

### 2017

####雍翠华府
月  |水      |    电| 煤气  |         租    |  管理费
-- | --     | ------|-----|------------  -|------------
4  |        |       |     | 12300(4.23)   | 
5  |        |       |     |   800(6.12)   | 
6  |        |       |     |  4100(6.27)   | 
7  |        |       |     |  4100(7.28)   | 
8  |        |       |     |  4100(8.28)   | 
9  |        |       |     |  4100(9.29)   | 
10 |        |       |     |  4100(11.1)   | 
11 |        |       |     |  4104(11.28)  | 
12 |        |       |     |  2970(12.31)  | 



月  |水      |    电  |     方      |         陶    |       租     |  管理费
-- | --     | -------|-------------|--------------|--------------|--------
1  | 64.5   |  93.84 | 1200(1.5)   |              |  2900(2.9)   |  121.5
2  | 108.12 |        | 1200(2.17)  |  2400(2.7)   |  2900(2.26)  |  121.5
3  | 124.44 |  70.90 | 1200(3.2)   |              |  2900(3.26)  |  121.5
4  | 245.72 |        | 1200(4.8)   |  2100(4.16)  |  2900(5.2)   |  121.5
5  | 172.72 |  70.9  | 1200(5.2)   |  1100(5.23)  |  2900(6.4)   |  121.5
6  | 348.51 |        | 1200(6.21)  |              |  2900(6.21)  |  121.5
7  | 275.98 |  92.9  | 1200(7.17)  |  2200(7.11)  |  2900(7.21)  |  121.5
8  | 523.59 |        | 1200(8.16)  |  2200(8.30)  |  2900(8.20)  |  121.5
9  | 296.36 |  71.9  | 1200(9.6)   |              |  2900(9.26)  |  121.5
10 | 194.67 |        | 1200(10.16) |              |  2900(10.25) |  121.5
11 | 122.68 |  48.43 | 1200(11.17) |              |  2900(11.22) |  121.5
12 | 115.90 |        | 1200(12.17) |  3600(12.15) |  2900(12.21) |  121.5


### 2016

月  |水      |    电  |     方      |         陶    |       租    |  管理费
-- | --     | -------|-------------|--------------|-------------|--------
1  |99.28   | 58.1   | 2300(2.13)  |              |  2900       |  111.8
2  |93.84   |        | 2100(2.25)  | 2300(2.23)   |  2900       |  111.8
3  |102.68  | 58.10  | 1050(4.6)   |              |  2900       |  111.8
4  |162.76  |        | 1050(5.14)  | 3000(4.9)    |  2900       |  111.8
5  |162.52  | 61.30  | 1050(6.5)   | 2400(7.1)    |  2900       |  111.8
6  |229.36  |        | 1050(7.24)  |              |  2900       |  111.8
7  |286.3   | 74.1   | 1050(8.21)  |              |  2900       |  111.8
8  |268.78  |        | 1050(9.30)  | 3600(9.26)   |  2900       |  111.8
9  |225.71  | 64.50  |             |              |  2900       |  111.8
10 |163.20  |        | 1200        | 2400(11.23)  |  2900       |  111.8
11 |125.80  | 70.9   | 1200(11.28) |              |  2900       |  111.8
12 |111.52  |        | 1200(12.14) |              |  2900       |  111.8

2014
   房租  管理费    水    电      陶      颜
1月  1900  111.8  61.3  97.24   750   750
2月  1900  111.8        77.52   750   750
3月  1900  111.8  70.9  86.36   750   750
4月  1900  111.8       131.24   750    750
5月  1900  111.8  61.3  124.44   750   750
6月  1900  111.8       177.53   750    750
7月  1900  111.8  67.7  142.12   750    750
8月  1900  111.8       152.32   750    750
9月  1900  111.8  58.1  108.12   750   750
10月  2900  111.8      87.72   1100   1050
11月  2900  111.8  61.3  106.76   1100    1050
12月  2900  111.8      91.12   1100   1050
合计  25800  1341.6  380.6  1382.49
