2019届高二年级上学期月考2成绩排名（理）											
班级     姓名     语文 数学英语	物理	化学	生物	理综	六科      总分	六科      名次	两科      名次
1701	胡峰铭	119	133	123	83	89	86	258	633	1	689
1704	金泽昊	98	142	118	97	83	70	250	608	2	720
1705	陈梦佳	108	130	134	88	76	68	232	604	3	689
1707	余柏呈	95	123	126	100	86	74	260	604	3	714
1723	袁昕鹏	117	113	137	77	82	74	233	600	5	685
1725	简欣瑶	110	109	134	85	85	73	243	596	6	688
1712	何知恒	123	120	126	84	69	66	219	588	7	686
1710	张子讴	108	119	124	70	96	70	236	587	8	697
1709	章登宇	98	125	117	90	74	78	242	582	9	722
1702	魏子涵	103	125	133	65	77	77	219	580	10	695
1726	黎泽楷	109	109	129	72	79	73	224	571	11	693
1713	陈可欣	98	121	124	83	82	63	228	571	11	711
1724	李林轩	101	111	124	76	86	71	233	569	13	708
1716	陈梦华	114	106	120	81	74	69	224	564	14	696
1708	徐伯轩	109	124	133	66	70	61	197	563	15	689
1715	仝月旭	110	96	132	61	87	77	225	563	15	689
1703	周琪瑶	98	116	133	66	86	64	216	563	15	698
1719	胡长融	101	114	127	82	75	63	220	562	18	705
1722	公浩年	106	108	125	78	72	72	222	561	19	698
1733	王子琦	91	119	135	70	86	60	216	561	19	707
1740	陆廷炜	90	136	118	84	72	60	216	560	21	725
1734	裘程呈	115	111	132	66	66	67	199	557	22	687
1717	蔡卓霖	108	108	130	80	72	58	210	556	23	693
1741	邓忠其	101	104	120	68	76	83	227	552	24	714
1744	陈卓凡	112	129	100	86	59	65	210	551	25	723
1706	宋睿杰	92	131	117	73	70	68	211	551	25	724
1714	贺卓云	108	113	122	60	80	63	203	546	27	700
1735	李文凯	92	98	124	76	81	73	230	544	28	720
1721	龚俊泽	96	105	124	83	83	53	219	544	28	716
1732	李启帆	106	97	123	85	63	68	216	542	30	703
1720	房海天	97	95	120	81	84	63	228	540	31	719
1711	潘子一	97	84	125	84	90	59	233	539	32	711
1730	甘李祎帆	97	112	130	61	76	63	200	539	32	706
1731	陈温欣	98	106	125	63	85	61	209	538	34	709
1729	李汉林	93	107	127	61	77	69	207	534	35	716
1739	文震宇	107	101	123	66	61	58	185	516	36	700
1742	谢文柱	100	90	119	69	71	58	198	507	37	718
1743	欧阳天昊	80	110	118	57	70	65	192	500	38	726
1728	万伊冉	100	70	130	64	71	55	190	490	39	700
1738	周浩	105	120	124	16	77	39	132	481	40	703
1737	何知远	90					53	53	143	41	727
1727	邱浩仁										
